ASCII/Wet_Dhm.asc
NCOLS 904
NROWS 747
XLLCORNER 669255.0000000000
YLLCORNER 8619145.0000000000
CELLSIZE 30.000000
NODATA_VALUE -99999.00
[rows 570 to 607 of 747, columns 84 to 167 of 904]
1.03 0.49 0.52 1.07 1.07 1.06 1.09 1.08 1.06 1.06 1.08 1.09 1.09 1.10 1.10 1.09 1.08 1.07 1.05 1.11 1.08 1.05 1.08 1.08 1.05 1.08 1.06 1.06 1.08 1.08 1.08 1.08 1.08 1.09 1.08 1.06 1.07 1.03 1.03 1.07 1.08 1.10 1.08 1.04 1.05 1.05 1.07 1.06 1.03 1.02 1.06 1.08 1.08 1.01 1.01 1.08 1.08 1.08 1.09 1.09 1.01 1.08 1.08 1.05 1.08 1.08 1.00 0.97 1.03 1.01 1.00 1.02 1.08 1.00 0.94 1.02 1.05 1.08 1.02 1.07 1.06 1.07 1.07 1.05
1.06 0.46 1.07 1.03 1.02 1.02 1.08 1.09 1.05 1.05 1.07 1.07 1.05 1.07 1.09 1.10 1.09 1.08 1.07 1.08 1.06 1.05 1.09 1.07 1.08 1.07 1.08 1.07 1.04 1.06 1.07 1.08 1.10 1.05 1.08 1.06 1.03 1.05 1.04 1.06 1.06 1.07 1.07 1.06 1.06 1.07 1.07 1.04 1.05 1.03 1.06 1.07 1.08 1.01 0.99 1.06 1.07 1.08 1.08 1.09 1.02 1.00 1.07 1.08 1.07 1.00 1.01 1.01 1.00 1.01 1.00 0.99 1.05 0.99 1.06 1.04 1.08 1.09 1.07 0.93 1.06 1.07 1.05 1.05
0.62 0.50 1.10 1.07 1.07 1.04 1.05 1.05 1.05 1.01 1.03 1.03 1.01 1.02 1.05 1.07 1.08 1.07 1.04 0.98 1.05 1.08 1.09 1.05 1.04 1.08 1.10 1.08 1.00 1.05 1.07 1.08 1.08 1.08 1.06 0.99 1.00 1.05 1.05 1.07 1.07 1.03 1.04 1.06 1.07 1.09 1.08 1.04 1.06 1.07 1.06 1.05 1.09 1.06 0.98 0.99 1.07 1.08 1.08 1.08 1.01 0.96 1.02 0.99 0.97 1.07 1.03 1.04 1.01 0.94 0.94 0.93 0.98 1.03 1.07 1.04 1.06 1.06 1.03 0.94 1.03 1.06 1.04 1.04
0.48 1.10 1.09 1.07 1.04 1.05 1.01 0.97 0.99 1.01 1.00 1.02 1.05 1.04 1.03 1.03 1.04 1.06 1.09 1.07 1.05 1.08 1.00 1.08 1.07 1.09 1.09 1.04 0.94 1.03 1.09 1.09 1.08 1.07 1.06 1.05 1.06 1.09 1.08 1.08 1.07 1.06 1.06 1.07 1.09 1.10 1.08 1.05 1.07 1.09 1.06 1.07 1.05 1.00 1.04 1.06 0.99 1.04 1.06 1.05 1.00 0.95 0.98 1.05 1.06 1.06 1.03 1.05 1.04 0.99 0.94 1.00 1.00 0.99 1.05 1.05 1.07 1.05 1.05 1.01 1.06 1.06 1.03 1.03
0.47 0.70 1.11 1.07 1.06 1.07 0.97 0.97 1.04 1.07 1.07 1.08 1.09 1.09 1.07 1.07 1.09 1.08 1.09 1.08 1.07 1.09 1.08 1.09 1.08 1.08 1.04 1.02 1.03 1.06 1.06 1.07 1.05 1.05 1.07 1.06 1.07 1.07 1.06 1.07 1.07 1.06 1.07 1.08 1.09 1.00 1.04 1.05 1.06 1.10 1.07 1.02 0.93 1.02 1.07 1.07 1.04 1.04 1.04 0.99 1.02 1.01 1.07 1.08 1.08 1.07 1.03 1.04 1.05 1.02 1.01 1.06 1.05 1.02 1.02 1.05 1.06 1.07 1.09 1.04 1.07 1.00 1.04 1.03
1.07 0.49 1.11 1.07 0.98 0.96 0.92 1.02 1.06 1.05 1.09 1.10 1.10 1.08 1.08 1.08 1.07 1.07 1.08 1.09 1.07 1.05 1.08 1.08 1.09 1.05 1.01 1.04 1.08 1.08 1.05 1.04 1.06 1.07 1.07 1.06 1.06 1.02 1.04 1.04 1.06 1.07 1.07 1.08 1.08 1.04 0.99 1.04 1.07 1.09 1.09 1.01 0.99 1.05 1.07 1.02 1.04 1.08 1.07 0.93 1.06 1.07 1.09 1.09 1.08 1.07 1.02 1.01 1.08 1.08 1.02 1.05 1.05 1.05 1.06 1.07 1.07 1.08 1.05 1.08 1.05 1.08 1.09 1.01
1.05 0.49 1.00 0.89 0.90 0.91 0.92 1.02 1.05 1.05 1.05 1.08 1.08 1.07 1.06 1.05 1.08 1.08 1.09 1.05 1.02 1.06 1.04 1.08 1.08 1.05 0.99 1.07 1.10 1.10 1.04 1.03 1.08 1.10 1.09 1.05 1.05 0.99 1.06 1.09 1.09 1.04 1.05 1.05 1.07 1.08 1.04 1.05 1.07 1.07 1.10 1.04 0.95 1.02 0.99 1.02 1.07 1.09 1.05 1.01 1.07 1.09 1.09 1.09 1.09 1.06 1.02 1.05 1.08 1.10 1.09 1.02 1.05 1.03 1.05 1.07 1.07 1.08 1.06 1.00 1.08 1.08 1.04 1.00
1.05 0.49 1.01 1.07 1.01 1.00 0.99 1.02 1.06 1.08 1.04 1.06 1.06 1.06 1.07 1.09 1.08 1.08 1.07 1.03 1.10 1.07 1.08 1.09 1.08 1.06 0.96 1.06 1.08 1.06 1.04 1.04 1.07 1.09 1.09 0.99 0.98 1.03 1.09 1.10 1.07 1.07 1.00 1.04 1.05 1.07 1.06 1.04 1.06 1.05 1.07 1.07 1.02 1.02 1.06 1.06 0.99 1.08 1.04 1.08 1.09 1.10 1.05 1.08 1.09 1.03 1.08 1.07 1.08 1.08 1.10 1.07 1.02 1.02 1.04 1.00 1.06 1.07 1.05 1.06 1.08 1.06 0.97 1.03
1.01 0.50 1.13 1.07 1.08 1.08 1.05 1.03 1.05 1.05 1.06 1.08 1.09 1.09 1.07 1.09 1.07 1.06 1.05 1.04 1.10 1.11 1.10 1.10 1.07 1.07 0.90 1.05 1.03 1.02 1.04 1.06 1.03 1.02 1.01 1.01 1.02 1.08 1.09 1.09 1.06 1.04 1.00 1.06 1.04 1.02 1.04 1.04 1.07 1.05 1.05 1.09 1.05 1.03 1.08 1.05 1.07 1.03 1.09 1.10 1.10 1.05 1.08 1.09 1.08 1.04 1.09 1.07 1.07 1.09 1.09 1.06 1.04 1.04 1.06 1.07 0.99 1.04 1.04 1.07 1.09 1.07 0.98 1.09
1.02 0.48 0.71 1.11 1.05 1.05 1.07 1.06 1.06 1.09 1.10 1.09 1.10 1.08 1.11 1.10 1.06 1.05 1.03 1.04 1.08 1.10 1.10 1.08 1.09 1.08 0.96 1.05 1.05 1.01 1.02 1.04 0.98 1.00 1.04 1.09 1.07 1.09 1.07 1.07 1.05 1.01 1.07 1.05 1.05 1.01 1.01 1.07 1.08 1.00 1.06 1.07 1.07 1.00 1.05 1.06 1.02 1.06 1.09 1.09 1.10 1.10 1.09 1.07 1.03 1.05 1.08 1.05 1.10 1.07 1.05 1.05 1.07 1.04 1.06 1.07 0.99 1.06 1.06 1.07 1.09 1.02 1.00 1.09
1.03 1.04 0.50 1.13 1.07 1.07 1.08 1.08 1.08 1.11 1.10 1.07 1.11 1.11 1.11 1.11 1.06 1.03 1.02 1.03 1.06 1.08 1.09 1.07 1.04 1.02 1.00 1.07 1.05 1.01 0.99 1.00 1.00 1.04 1.09 1.10 1.08 1.08 1.06 1.06 1.02 1.07 1.09 1.08 1.04 1.00 1.05 1.04 1.08 1.06 1.07 1.06 1.02 0.97 1.03 1.02 1.00 1.04 1.10 1.11 1.11 1.09 1.06 1.04 1.06 1.05 1.08 1.08 1.08 1.04 1.02 1.06 1.07 1.05 1.03 1.05 1.05 1.01 1.04 1.08 1.06 1.00 1.03 1.09
1.02 1.03 0.49 0.69 1.09 1.06 1.09 1.08 1.08 1.11 1.10 1.10 1.09 1.09 1.10 1.10 1.03 1.00 1.03 1.08 1.08 1.09 1.09 1.09 1.03 0.97 0.98 1.00 1.05 0.94 0.98 1.01 1.06 1.07 1.10 1.09 1.07 1.09 1.07 1.03 1.03 1.06 1.09 1.06 1.00 1.06 1.07 1.06 1.04 1.07 1.06 1.03 0.97 0.97 1.00 1.07 1.04 1.01 1.07 1.10 1.07 1.08 1.05 1.04 1.08 1.05 1.06 1.06 1.07 1.03 1.03 1.07 1.06 1.05 1.03 1.04 1.07 1.04 1.03 1.04 1.01 1.01 1.03 1.07
1.00 1.03 1.08 0.47 1.10 1.06 1.10 1.10 1.07 1.09 1.11 1.10 1.07 1.07 1.08 1.07 0.98 0.98 1.06 1.09 1.09 1.10 1.08 1.05 0.94 0.97 0.99 0.98 0.97 1.08 0.95 0.98 1.06 1.09 1.10 1.09 1.07 1.06 1.05 1.03 1.03 1.02 1.02 1.00 1.03 1.06 1.06 1.04 0.98 1.05 1.05 1.06 1.04 1.03 1.05 1.07 1.06 1.02 1.02 1.01 1.01 1.06 1.05 1.07 1.07 1.07 1.05 1.06 1.05 1.03 1.02 1.06 1.07 1.05 1.06 1.07 1.07 1.08 1.04 1.01 0.99 1.03 1.03 1.06
1.05 1.04 1.04 0.51 0.51 1.07 1.07 1.08 1.07 1.09 1.10 1.10 1.06 1.05 1.06 1.01 0.98 0.99 1.07 1.09 1.09 1.09 0.97 0.96 0.99 1.01 1.00 1.01 1.07 1.08 1.08 0.98 0.97 1.07 1.10 1.07 1.05 1.05 1.05 1.04 0.99 1.01 1.01 1.04 1.05 1.05 1.06 1.04 0.99 0.99 1.04 0.97 1.00 0.99 1.05 1.07 1.05 1.06 1.05 1.05 1.01 1.00 1.06 1.06 1.06 1.08 1.07 1.07 1.03 1.02 1.05 1.05 1.06 1.08 1.08 1.07 1.06 1.09 1.08 1.03 0.99 0.97 0.99 1.06
1.06 1.08 1.09 1.08 0.44 1.07 1.06 1.05 1.03 1.08 1.08 1.06 1.03 1.04 1.02 1.02 0.99 1.00 1.07 1.07 1.07 0.99 0.97 1.02 1.08 1.00 1.00 1.05 1.09 1.10 1.08 1.09 1.01 0.98 1.07 1.05 1.01 1.01 1.07 0.97 0.98 1.03 1.05 1.06 1.07 1.06 1.06 1.07 1.02 1.05 1.05 1.04 1.01 1.03 0.99 1.07 1.06 1.07 1.07 1.07 1.08 1.02 0.99 1.04 1.05 1.07 1.07 1.04 1.03 1.05 1.08 1.09 1.08 1.07 1.07 1.03 1.06 1.07 1.09 1.08 1.08 1.02 0.97 1.06
1.07 1.11 1.10 1.09 0.48 0.50 1.06 1.07 1.08 1.07 1.02 0.99 0.99 1.03 1.01 1.02 0.99 1.01 1.02 1.05 0.95 0.97 1.10 1.07 1.07 1.00 1.03 1.02 1.09 1.10 1.09 1.08 1.10 1.10 0.95 0.95 0.98 1.00 0.95 0.98 1.03 1.05 1.06 1.08 1.08 1.07 1.05 1.03 1.09 1.08 1.08 1.08 1.07 1.00 1.05 1.08 1.07 1.07 1.06 1.08 1.08 1.08 1.03 1.00 1.01 1.07 1.04 1.02 1.04 1.08 1.08 1.09 1.07 1.06 1.06 1.01 1.03 1.06 1.08 1.09 1.09 1.08 0.97 1.05
1.08 1.10 1.11 0.95 0.79 0.45 1.06 1.10 1.09 1.07 0.96 0.88 0.88 0.94 0.97 1.02 1.05 1.00 0.97 0.95 1.08 1.08 1.08 1.07 1.04 1.01 1.02 1.01 1.08 1.10 1.07 1.09 1.09 1.08 0.97 1.04 1.00 1.01 1.07 1.08 1.09 1.06 1.07 1.08 1.09 1.00 1.04 1.04 1.09 1.07 1.07 1.08 1.05 1.05 1.01 1.05 1.05 1.04 1.04 1.06 1.06 1.08 1.09 1.02 0.91 1.05 1.04 1.03 1.06 1.08 1.09 1.08 1.06 1.06 1.07 1.04 1.02 1.05 1.05 1.08 1.09 1.09 0.98 1.00
1.09 1.11 1.10 0.95 0.79 0.45 1.02 1.11 1.09 1.09 0.92 0.87 0.92 0.92 0.86 0.94 1.08 1.05 0.95 0.94 0.97 1.08 1.09 1.07 1.00 0.99 1.01 1.06 1.07 1.07 1.06 1.08 1.10 1.09 0.99 1.04 1.03 1.09 1.05 1.08 1.09 1.06 1.06 1.08 1.08 1.08 1.01 1.07 1.09 1.08 1.08 1.08 1.07 1.04 1.05 1.03 1.04 1.03 1.00 1.05 1.06 1.09 1.09 1.08 1.08 0.98 1.03 1.03 1.08 1.09 1.09 1.05 1.05 1.06 1.08 1.07 1.02 1.03 1.09 1.09 1.10 1.09 1.08 0.97
1.07 1.09 1.11 1.01 0.87 0.45 0.99 1.00 1.11 0.93 0.88 0.94 1.06 1.08 0.96 0.92 0.94 1.06 0.92 0.96 0.96 0.93 0.98 1.07 0.95 0.90 0.97 1.01 1.09 1.09 1.06 1.06 1.08 1.01 1.07 1.09 1.06 1.05 1.06 1.07 1.08 1.07 1.07 1.10 1.08 1.04 1.04 1.08 1.07 1.07 1.04 1.07 1.05 0.98 1.06 1.07 1.05 1.05 1.00 1.00 1.07 1.07 1.08 1.09 1.09 1.00 0.99 1.03 1.09 1.08 1.07 1.00 1.03 1.06 1.08 1.06 1.08 1.03 1.05 1.09 1.10 1.11 1.09 0.99
0.88 0.96 0.99 1.00 0.94 0.49 0.50 0.98 0.96 0.97 0.91 0.97 1.08 1.07 1.09 1.08 0.94 0.91 0.95 1.01 1.07 1.05 0.96 0.93 0.95 0.94 0.96 0.97 0.99 1.03 1.00 0.99 1.02 0.99 1.10 1.10 1.07 1.07 1.08 1.07 1.08 1.07 1.07 1.09 1.07 1.03 1.04 1.09 1.07 0.94 0.96 1.02 1.03 1.07 1.07 1.09 1.08 1.05 0.97 1.07 1.09 1.08 1.05 1.07 1.08 1.02 0.98 0.99 1.07 1.06 1.02 1.04 1.07 1.08 1.06 1.08 1.08 1.06 1.04 1.05 1.09 1.09 1.04 0.99
1.05 1.07 0.99 1.01 1.03 1.06 0.50 0.51 1.02 1.02 0.97 0.97 1.02 1.09 1.08 1.03 1.05 1.07 1.05 1.06 1.08 1.07 1.06 1.06 1.06 1.02 0.98 0.99 0.97 0.94 0.98 0.99 0.95 0.97 0.98 0.98 0.98 1.00 1.08 1.08 0.99 0.97 1.00 1.03 1.06 0.98 0.98 1.04 1.03 1.05 1.05 0.99 0.97 1.02 1.02 1.09 1.07 1.06 0.99 1.01 1.10 1.10 1.02 0.99 1.03 1.00 0.97 0.97 1.01 1.02 1.02 1.07 1.08 1.08 1.05 1.08 1.07 1.06 1.03 1.00 0.97 1.00 1.01 0.97
1.08 1.06 1.02 1.08 1.02 1.09 1.10 0.44 1.04 1.03 1.02 1.01 1.01 1.05 1.05 1.04 1.05 1.06 1.07 1.06 1.08 1.08 1.06 1.08 1.09 1.07 1.01 1.06 1.06 1.03 1.03 1.09 1.06 1.01 1.02 1.03 1.01 1.01 0.98 0.98 1.01 1.05 1.01 1.02 1.00 1.02 1.07 1.03 1.05 1.07 1.00 1.04 0.99 0.96 1.05 1.05 1.06 1.05 1.04 1.00 1.01 1.01 1.01 1.01 0.97 0.97 1.07 1.07 0.99 1.00 1.02 1.08 1.10 1.09 1.00 1.08 1.08 1.05 1.04 0.99 0.99 1.00 1.03 1.02
1.06 1.03 1.02 1.00 1.05 1.08 1.09 0.51 0.50 1.04 1.02 1.01 1.01 1.00 1.03 1.03 1.02 1.05 1.04 1.07 1.09 1.09 1.08 1.09 1.10 1.09 1.05 1.05 1.05 1.07 1.11 1.12 1.10 1.04 1.01 1.05 1.07 1.10 1.08 1.06 1.06 1.07 1.07 1.08 1.07 1.07 1.08 1.07 1.05 1.08 1.08 1.03 0.98 1.04 1.02 1.07 1.05 1.05 1.03 1.03 0.99 0.97 1.00 1.03 1.03 0.97 1.00 1.08 1.02 0.97 1.00 1.05 1.10 1.11 1.10 1.09 1.10 1.08 1.08 1.06 0.95 1.05 1.04 1.03
1.04 1.06 1.04 1.06 1.04 1.07 1.09 1.06 0.49 0.51 1.02 0.98 0.97 0.99 1.04 1.06 1.08 1.00 1.03 1.07 1.09 1.09 1.09 1.07 1.09 1.09 1.05 1.03 1.03 1.09 1.12 1.12 1.11 1.10 0.99 1.06 1.06 1.10 1.10 1.05 1.04 1.07 1.08 1.05 1.08 1.07 1.05 1.05 1.04 1.03 1.04 1.05 1.05 1.05 1.05 1.02 1.06 1.05 1.04 1.03 1.00 0.97 1.08 1.10 1.06 0.98 0.96 0.97 0.95 0.97 0.96 1.01 1.08 1.09 1.08 1.08 1.06 1.08 1.09 1.07 1.05 1.03 1.04 1.03
1.05 1.05 1.05 1.04 1.03 1.05 1.04 1.00 1.03 0.44 1.05 0.91 0.92 1.01 1.07 1.09 1.08 1.04 1.04 1.07 1.08 1.08 1.05 1.05 1.07 1.08 1.06 1.05 1.05 1.08 1.10 1.09 1.07 1.07 0.97 1.04 1.05 1.08 1.05 1.05 1.05 1.06 1.06 1.05 1.06 1.07 1.06 1.07 1.02 0.95 1.03 1.08 1.08 1.07 1.08 1.06 1.06 1.06 1.04 1.04 1.01 1.02 1.06 1.08 1.08 1.00 0.95 0.94 0.95 0.97 0.95 1.05 1.09 1.11 1.09 1.10 1.10 1.09 1.09 1.07 1.05 1.05 1.04 1.04
1.09 1.09 1.09 1.08 1.05 1.06 0.99 1.02 1.05 0.52 0.50 1.02 1.01 1.03 1.07 1.10 1.09 1.08 1.07 1.11 1.12 1.10 1.08 1.04 1.07 1.09 1.10 1.08 1.09 1.10 1.09 1.08 1.08 1.04 1.01 1.06 1.06 1.10 1.08 1.08 1.08 1.09 1.08 1.08 1.06 1.02 1.00 0.94 0.95 1.05 1.01 1.08 1.08 1.09 1.07 1.03 1.08 1.07 1.08 1.08 1.03 1.07 1.08 1.08 1.07 1.03 1.04 1.05 1.06 1.00 0.97 0.98 1.07 1.11 1.11 1.10 1.09 1.09 1.09 1.07 1.07 1.06 1.06 1.06
1.08 1.10 1.09 1.07 0.99 0.97 1.06 1.09 1.08 1.12 0.47 1.08 1.05 0.99 1.07 1.11 1.11 1.07 1.09 1.12 1.11 1.09 1.10 1.07 1.10 1.11 1.09 1.06 1.08 1.08 1.07 1.08 1.03 1.02 1.02 1.05 1.05 1.08 1.05 1.05 0.99 1.08 1.07 1.06 1.03 1.06 1.07 1.08 1.03 1.03 1.02 1.04 1.09 1.07 1.04 1.00 1.06 1.03 1.09 1.10 1.08 1.05 1.08 1.08 1.08 1.06 1.04 1.06 1.06 1.08 0.97 0.94 0.97 1.01 1.08 1.09 1.09 1.08 1.08 1.08 1.08 1.09 1.08 1.08
1.07 1.09 1.08 1.00 0.92 0.99 1.08 1.09 1.08 1.10 0.50 0.50 1.05 1.03 1.06 1.09 1.09 1.07 1.09 1.11 1.12 1.10 1.09 1.07 1.08 1.09 1.09 1.09 1.07 1.07 1.06 1.04 1.07 1.07 1.01 0.99 1.01 1.08 1.08 1.07 1.06 1.04 1.08 1.07 0.98 1.07 1.07 1.09 1.09 1.05 1.02 1.02 1.05 1.06 1.07 1.05 1.08 1.07 1.07 1.09 1.06 1.06 1.07 1.09 1.10 1.10 1.05 1.06 1.05 1.05 1.00 0.94 0.93 0.90 0.97 1.02 1.08 1.08 1.07 1.07 1.08 1.10 1.08 0.99
1.06 1.06 1.06 1.00 1.00 1.03 1.06 1.09 1.08 1.07 1.05 0.47 1.05 1.02 1.05 1.06 1.06 1.04 1.06 1.09 1.10 1.09 1.08 1.06 1.06 1.05 1.06 1.05 1.02 1.01 1.05 1.08 1.07 1.09 1.07 1.01 1.00 1.00 0.99 1.01 1.06 1.00 1.06 1.05 1.06 1.07 1.07 1.08 1.10 1.08 1.02 0.98 1.02 1.05 1.09 1.09 1.09 1.07 1.06 1.06 1.05 1.08 1.08 1.09 1.10 1.10 1.06 1.07 1.07 1.05 1.06 1.05 1.05 0.93 0.92 0.97 1.07 1.07 1.07 1.07 1.07 1.09 1.03 0.94
1.08 1.06 0.96 1.07 1.05 1.05 1.08 1.07 1.06 1.06 0.91 0.48 1.09 1.05 1.07 1.04 1.02 1.04 1.05 1.05 1.06 1.07 1.07 1.07 1.04 1.01 1.04 1.04 1.04 1.09 1.09 1.09 1.08 1.09 1.05 1.00 1.05 1.00 0.99 0.99 0.92 1.00 0.93 1.00 1.06 1.08 1.09 1.10 1.10 1.05 1.02 1.06 1.00 1.02 1.09 1.10 1.09 1.08 1.05 1.03 1.08 1.09 1.04 1.05 1.09 1.10 1.07 1.09 1.08 1.07 1.06 1.06 0.96 0.89 0.92 0.99 0.97 1.00 1.01 1.04 1.06 1.08 0.95 0.91
1.06 0.99 1.03 1.07 1.05 1.04 1.06 1.08 1.06 1.07 0.92 0.38 0.90 1.05 1.02 1.00 1.03 1.06 1.06 1.02 1.07 1.06 1.04 1.05 1.08 0.99 1.01 1.05 1.08 1.09 1.08 1.07 1.09 1.09 1.09 1.07 1.03 1.07 1.05 1.06 1.07 1.08 1.07 1.06 1.08 1.08 1.08 1.06 1.02 1.02 1.04 1.04 1.02 1.00 1.10 1.09 1.10 1.09 1.05 1.02 1.08 1.08 1.08 1.07 1.07 1.10 1.08 1.11 1.09 1.05 1.06 0.99 0.89 0.91 1.00 1.00 1.03 0.98 0.98 0.94 1.02 1.07 0.90 0.95
1.00 1.02 1.09 1.08 1.07 1.07 1.07 1.07 1.07 1.08 1.03 0.48 0.78 0.91 1.01 1.02 1.01 1.03 1.04 1.08 1.08 1.09 0.95 1.00 1.04 0.99 1.07 1.08 1.08 1.08 1.08 1.05 1.06 1.06 1.03 1.01 1.02 1.09 1.08 1.07 1.08 1.08 1.09 1.06 1.05 1.08 1.05 1.05 1.08 1.07 1.09 1.07 1.00 1.05 1.11 1.09 1.10 1.08 1.04 1.00 1.07 1.08 1.09 1.08 1.09 1.09 1.06 1.12 1.09 1.05 1.02 0.96 1.00 0.93 0.99 1.05 1.07 0.99 0.98 1.07 1.07 0.91 0.91 1.07
1.02 1.06 1.07 1.05 1.08 1.09 1.09 1.08 1.06 1.01 1.06 0.50 0.78 0.88 1.03 1.03 1.06 0.94 1.03 1.09 1.10 0.98 0.98 0.97 0.98 1.02 1.08 1.09 1.08 1.09 1.09 1.10 1.04 1.02 1.02 1.01 1.00 1.01 1.06 1.10 1.09 1.08 1.08 1.06 1.07 1.06 1.04 1.07 1.08 1.09 1.09 1.10 1.01 1.02 1.09 1.10 1.09 1.07 1.01 1.00 1.05 1.07 1.09 1.08 1.09 1.09 1.07 1.10 1.07 1.06 1.05 0.96 1.02 1.00 0.99 1.04 1.05 0.98 0.92 0.92 0.90 0.85 0.96 1.09
1.04 1.05 1.07 1.08 1.05 1.08 1.09 1.09 1.08 1.05 1.06 0.52 0.79 0.87 1.06 1.06 1.05 1.02 0.94 0.96 0.98 0.98 1.01 1.08 0.97 0.97 1.03 1.09 1.09 1.09 1.10 1.05 1.02 1.00 1.02 1.02 1.02 1.06 0.95 1.04 1.06 1.08 1.06 1.03 1.07 1.06 1.07 1.09 1.11 1.09 1.10 1.10 1.09 0.99 1.04 1.09 1.08 1.07 1.07 0.98 1.04 1.05 1.06 1.05 1.07 1.07 1.04 1.04 1.05 1.06 1.07 0.96 1.06 1.07 1.08 1.01 1.03 0.92 0.93 0.93 0.94 0.93 1.06 1.09
1.06 1.03 1.03 1.06 1.07 1.09 1.09 1.09 1.06 1.04 1.08 0.53 0.79 0.77 0.93 1.10 1.07 1.07 0.88 0.99 0.99 1.03 1.07 1.08 1.08 1.08 0.97 0.99 1.02 1.04 0.99 1.01 1.01 1.03 1.04 1.03 1.03 1.04 1.01 1.02 1.03 1.04 1.07 1.09 1.06 1.06 1.07 1.10 1.09 1.08 1.07 1.09 1.09 1.00 1.00 1.06 1.08 1.08 1.07 0.99 1.04 1.06 1.07 1.08 1.08 1.05 1.04 1.03 1.06 1.07 1.07 0.95 1.07 1.08 1.09 1.04 0.95 0.93 0.97 1.08 1.07 0.97 1.05 1.07
1.04 1.01 1.02 1.04 1.06 1.09 1.08 1.05 1.02 1.07 1.11 0.57 0.89 0.76 0.88 0.99 1.09 0.97 1.02 1.04 1.03 1.05 1.06 1.06 1.08 1.07 1.08 0.97 0.99 1.00 1.08 1.02 1.06 1.09 1.08 1.07 1.04 1.04 1.07 1.07 1.06 1.03 1.07 1.08 1.08 1.06 1.07 1.09 1.07 1.06 1.06 1.09 1.09 1.07 0.95 1.03 1.06 1.04 1.02 1.01 1.07 1.08 1.10 1.07 1.08 1.07 1.06 1.10 1.09 1.08 1.05 0.95 0.97 1.08 1.08 1.06 0.93 0.93 1.02 1.10 1.08 1.03 1.04 1.06
1.02 1.02 1.08 1.08 1.06 1.09 1.08 1.04 0.96 1.04 1.10 0.68 1.08 0.87 0.89 0.97 0.96 1.03 1.06 1.07 1.05 1.06 1.07 1.07 1.07 1.04 1.04 1.01 1.02 1.09 1.09 1.07 1.07 1.09 1.10 1.05 1.05 1.06 1.08 1.08 1.08 1.07 1.06 1.08 1.08 1.06 1.06 1.06 1.05 1.06 1.09 1.10 1.10 0.99 0.98 1.05 1.04 1.02 1.00 1.02 1.07 1.09 1.10 1.09 1.08 1.10 1.08 1.10 1.09 1.06 1.04 0.94 0.87 0.95 0.96 0.95 0.85 0.83 0.96 1.06 1.03 0.98 1.03 1.05
1.01 1.08 1.07 1.07 1.05 1.07 1.07 1.07 1.03 0.95 1.08 0.64 1.07 0.84 1.07 1.08 1.09 1.08 1.05 1.05 1.08 1.09 1.10 1.08 1.06 1.05 1.08 1.04 1.04 1.06 1.07 1.07 1.06 1.08 1.09 1.08 1.07 1.07 1.08 1.08 1.07 1.07 1.08 1.08 1.07 1.06 1.04 1.03 1.04 1.04 1.09 1.10 1.10 0.99 0.98 1.08 1.05 1.00 1.01 1.07 1.09 1.10 1.09 1.08 1.11 1.12 1.07 1.07 1.06 1.05 1.04 1.05 1.08 0.97 0.96 0.98 0.91 0.83 0.94 1.04 1.06 1.03 0.99 1.02
