ASCII/Wet_Dhm.asc
NCOLS 904
NROWS 747
XLLCORNER 669255.0000000000
YLLCORNER 8619145.0000000000
CELLSIZE 30.000000
NODATA_VALUE -99999.00
[rows 76 to 113 of 747, columns 504 to 587 of 904]
1.08 1.10 1.10 1.07 1.00 0.94 0.94 0.94 0.94 0.93 0.90 0.87 0.89 0.91 0.92 0.92 0.93 0.93 0.93 0.93 0.94 0.94 0.95 0.95 0.94 0.93 0.97 1.02 1.06 1.02 1.03 1.04 1.05 1.09 1.09 1.08 1.08 1.04 1.08 1.09 1.09 1.08 1.05 1.07 1.08 1.04 1.04 1.07 1.07 1.03 1.00 1.01 1.00 1.08 1.08 1.04 1.09 1.04 1.06 1.09 1.09 1.01 1.01 1.08 1.00 1.07 1.03 1.08 1.05 1.05 1.08 1.00 0.98 1.00 0.99 1.09 1.08 1.09 1.05 1.05 1.06 1.03 1.05 1.08
1.07 1.09 1.08 1.04 0.95 0.94 0.94 0.94 0.94 0.92 0.90 0.87 0.89 0.91 0.92 0.92 0.93 0.93 0.93 0.93 0.94 0.94 0.94 0.94 0.93 0.93 0.93 1.01 1.06 1.09 1.08 1.04 1.06 1.09 1.10 1.08 1.02 1.03 1.08 1.08 1.08 1.06 1.04 1.07 1.08 1.04 1.07 1.08 1.05 1.06 1.07 1.01 0.94 1.06 1.11 1.09 1.04 1.06 1.08 1.09 1.08 1.08 0.99 1.08 1.07 1.07 1.04 1.08 1.06 1.01 1.00 1.04 1.08 1.07 0.98 1.08 1.05 1.08 1.03 1.08 1.08 1.09 1.04 1.02
1.09 1.07 1.04 0.96 0.95 0.95 0.94 0.94 0.94 0.92 0.90 0.87 0.89 0.91 0.92 0.92 0.93 0.93 0.93 0.94 0.94 0.94 0.94 0.94 0.93 0.93 0.93 0.99 1.06 1.09 1.08 1.02 1.03 1.05 1.05 1.03 1.04 1.01 1.07 1.06 1.05 1.06 1.07 1.00 1.06 1.00 1.06 1.08 1.08 1.05 1.00 1.05 0.98 1.03 1.09 1.09 1.00 1.00 1.09 1.09 1.09 1.07 1.01 1.01 1.08 1.01 1.07 1.07 1.05 1.06 1.03 1.07 1.08 1.08 0.97 1.07 1.08 0.99 1.04 1.07 1.08 1.09 1.08 1.06
1.09 1.07 1.03 0.96 0.94 0.94 0.94 0.94 0.93 0.92 0.89 0.87 0.89 0.91 0.92 0.92 0.93 0.93 0.93 0.93 0.94 0.94 0.94 0.93 0.93 0.93 0.93 0.98 1.02 1.08 1.07 1.01 1.01 1.04 1.04 1.06 1.06 1.06 1.01 0.98 1.01 1.06 1.08 1.09 1.08 1.07 0.94 1.05 1.06 1.07 1.07 0.99 0.94 0.95 1.01 1.00 1.01 1.07 0.98 1.03 1.07 1.07 1.03 0.99 1.04 1.00 1.03 1.08 1.05 1.06 1.07 1.08 1.07 1.09 1.00 1.02 1.09 0.97 1.03 1.05 1.05 1.05 1.07 1.06
1.07 1.06 1.01 0.96 0.95 0.93 0.94 0.94 0.93 0.92 0.89 0.87 0.89 0.91 0.92 0.92 0.93 0.93 0.93 0.93 0.94 0.94 0.93 0.93 0.93 0.93 0.92 0.99 0.99 1.01 1.02 1.02 1.00 0.97 1.00 1.01 1.04 1.02 1.02 1.08 1.05 1.01 1.03 1.08 1.08 0.98 1.07 1.03 1.06 0.98 0.97 0.92 0.94 0.95 0.94 0.98 1.07 1.07 1.07 1.01 1.02 1.02 0.95 0.95 1.00 1.03 1.02 1.03 1.06 1.08 1.08 1.05 1.07 1.08 1.02 0.99 1.05 1.04 1.05 1.05 1.07 1.07 1.08 0.98
1.09 1.07 1.02 0.95 0.95 0.94 0.93 0.93 0.93 0.92 0.89 0.87 0.89 0.91 0.92 0.92 0.93 0.93 0.93 0.93 0.93 0.93 0.93 0.93 0.93 0.92 0.97 1.05 0.93 0.98 1.01 1.03 1.02 1.07 0.93 0.93 0.99 1.02 1.09 1.08 1.07 1.03 0.97 1.01 1.00 1.05 1.05 1.06 0.99 0.98 0.94 0.96 0.95 0.95 0.94 0.96 1.05 1.09 1.09 0.99 1.05 1.09 1.05 0.97 1.03 1.08 1.07 1.04 1.06 1.08 1.08 1.05 1.07 1.07 1.06 1.01 1.02 1.07 1.08 1.05 1.06 1.07 0.98 1.03
1.09 1.09 1.06 1.02 0.99 0.94 0.93 0.92 0.92 0.91 0.89 0.87 0.89 0.91 0.92 0.92 0.93 0.93 0.93 0.93 0.93 0.93 0.93 0.93 0.92 0.92 0.93 1.00 1.02 0.99 1.03 1.04 1.09 1.08 0.94 1.01 1.04 1.09 1.09 1.05 1.05 0.98 0.98 0.94 1.00 1.07 1.07 0.99 1.00 1.03 0.96 0.99 0.95 0.93 0.94 0.95 0.96 1.03 1.05 1.07 1.09 1.09 1.10 1.07 1.06 1.09 1.08 1.09 1.04 1.08 1.07 1.07 1.05 1.09 1.08 1.04 1.06 1.08 1.07 1.08 1.02 0.97 1.02 1.09
1.08 1.07 1.07 1.07 1.04 1.02 0.94 0.92 0.91 0.91 0.89 0.86 0.89 0.91 0.92 0.92 0.93 0.93 0.93 0.93 0.93 0.93 0.93 0.93 0.92 0.93 0.93 0.94 0.99 1.04 1.01 1.03 1.07 1.03 1.05 1.08 1.08 1.08 1.09 1.07 1.03 0.97 0.98 0.94 1.05 1.09 1.10 1.01 0.99 1.07 1.02 1.00 0.97 0.94 0.94 1.01 1.01 0.95 0.96 1.05 1.09 1.10 1.08 1.08 1.03 1.10 1.10 1.09 1.08 1.06 1.06 1.08 1.08 1.05 1.07 1.08 1.08 1.05 1.07 1.07 1.01 0.98 1.07 1.07
1.05 1.05 1.06 1.01 1.05 1.08 1.00 1.00 0.99 0.94 0.88 0.86 0.89 0.91 0.92 0.92 0.93 0.93 0.93 0.93 0.93 0.93 0.93 0.92 0.92 0.93 0.93 0.92 0.93 0.99 1.01 1.00 1.01 1.04 1.08 1.09 1.08 1.06 1.09 1.08 1.03 0.99 1.05 1.05 1.04 1.09 1.07 1.10 0.95 0.97 0.99 0.98 0.99 0.99 1.03 1.09 1.09 1.04 0.98 1.01 1.05 1.09 1.09 1.06 1.01 1.04 1.08 1.09 1.07 1.03 1.03 1.08 1.09 1.08 1.06 1.08 1.08 1.05 1.08 1.08 1.03 1.00 1.00 1.07
1.08 1.07 1.04 1.02 1.03 0.99 1.05 1.09 1.08 1.07 0.93 0.86 0.89 0.91 0.92 0.92 0.93 0.93 0.93 0.93 0.93 0.93 0.92 0.92 0.92 0.92 0.91 0.93 0.93 0.93 1.01 1.01 0.98 1.01 1.06 1.08 1.03 1.03 1.07 1.08 1.01 1.01 1.07 1.07 1.03 1.10 1.10 1.09 0.96 1.07 1.00 1.08 1.08 1.05 1.08 1.08 1.08 1.08 1.02 1.02 1.06 1.05 1.07 1.05 0.99 1.00 1.02 1.04 1.05 0.95 0.99 1.06 1.08 1.07 1.09 1.07 1.10 1.06 1.06 1.07 1.06 1.06 1.05 0.99
1.05 1.08 1.06 1.04 1.02 1.04 1.06 1.08 1.09 0.98 0.88 0.86 0.89 0.91 0.92 0.92 0.93 0.93 0.93 0.93 0.93 0.92 0.92 0.92 0.92 0.91 0.92 0.93 0.93 0.94 1.02 1.09 1.07 1.00 1.03 1.01 1.04 1.08 1.09 1.06 0.99 1.01 1.09 1.05 1.07 1.03 1.10 1.10 0.97 1.05 1.05 1.10 1.07 1.07 1.05 1.07 1.08 1.07 1.01 1.01 1.08 1.07 1.04 1.02 1.08 1.07 1.05 1.09 1.10 1.04 0.94 1.01 1.05 1.07 1.06 1.07 1.08 1.03 1.04 1.07 1.07 1.00 1.05 1.03
1.07 1.07 1.05 1.05 1.08 1.07 1.07 1.02 0.99 0.99 0.96 0.85 0.88 0.91 0.92 0.92 0.93 0.93 0.93 0.93 0.92 0.92 0.92 0.91 0.90 0.92 0.93 0.94 0.94 0.95 1.06 1.09 1.05 1.02 1.04 1.08 1.09 1.09 1.07 1.06 0.98 1.01 1.10 1.07 1.08 1.04 0.99 0.98 0.97 0.99 1.03 1.08 1.09 1.07 1.04 1.04 1.06 1.08 1.03 0.95 1.02 1.05 1.02 1.02 1.10 1.08 1.08 1.08 1.08 1.08 1.00 0.94 1.02 1.07 1.09 1.06 1.04 1.04 1.00 1.07 1.08 1.06 1.05 1.00
1.08 1.07 1.06 1.08 1.09 1.08 1.06 1.01 1.07 1.09 1.10 0.94 0.88 0.91 0.92 0.92 0.93 0.93 0.93 0.92 0.92 0.92 0.91 0.90 0.92 0.93 0.94 0.94 0.95 0.96 1.06 1.10 1.07 1.05 1.06 1.09 1.11 1.09 1.07 1.08 0.99 0.98 1.05 1.08 1.07 0.97 0.90 0.91 0.97 1.00 1.00 1.04 1.07 1.05 1.05 1.04 1.07 1.05 1.07 0.99 0.93 0.98 1.01 1.07 1.09 1.08 1.10 1.09 1.09 1.08 1.00 0.94 1.01 1.09 1.09 1.07 1.08 1.07 1.00 1.06 1.07 1.02 1.01 1.06
1.10 1.09 1.09 1.06 1.09 1.07 0.93 1.08 1.10 1.08 1.09 0.94 0.87 0.90 0.92 0.92 0.92 0.92 0.92 0.92 0.92 0.91 0.90 0.91 0.93 0.94 0.94 0.95 0.96 0.96 1.02 1.07 1.06 1.05 1.06 1.07 1.10 1.09 1.10 1.09 1.01 1.01 0.99 0.99 0.96 0.89 0.96 0.97 0.99 1.00 1.00 1.02 1.02 1.03 1.06 1.07 1.05 1.07 1.08 1.01 0.97 1.07 1.09 1.07 1.07 1.04 1.07 1.09 1.08 1.09 1.03 0.98 0.98 1.08 1.11 1.09 1.09 1.07 0.98 1.03 1.04 1.01 1.07 1.08
1.10 1.09 1.08 1.08 1.06 1.02 1.01 1.09 1.07 1.08 1.07 0.94 0.87 0.90 0.92 0.92 0.92 0.92 0.92 0.92 0.90 0.89 0.91 0.93 0.94 0.94 0.95 0.95 0.96 0.96 0.96 1.02 1.04 1.06 1.05 1.09 1.09 1.09 1.09 1.02 1.00 0.99 0.96 0.97 0.98 1.01 1.08 1.08 1.07 1.00 1.03 1.08 1.01 1.03 1.06 1.07 1.06 1.09 1.07 1.06 0.96 1.06 1.09 1.08 1.01 1.05 1.07 1.09 1.10 1.05 1.08 1.07 0.96 0.96 1.00 0.99 0.98 0.96 0.92 0.99 1.02 1.02 1.08 1.08
1.09 1.10 1.09 1.07 1.06 1.04 1.05 1.09 1.07 1.08 1.08 0.94 0.87 0.90 0.92 0.92 0.92 0.92 0.91 0.90 0.89 0.91 0.93 0.94 0.94 0.95 0.95 0.95 0.95 0.95 0.95 1.01 1.05 1.06 1.08 1.10 1.07 1.08 1.03 0.93 0.96 0.91 0.94 1.01 1.05 1.08 1.09 1.07 1.08 1.07 1.06 1.07 1.07 1.05 1.02 0.99 0.99 1.01 1.08 0.96 0.98 1.03 1.08 1.06 0.93 1.06 1.08 1.08 1.10 1.10 1.09 1.08 0.95 0.90 0.97 1.05 0.97 0.92 0.92 0.92 0.97 0.99 1.07 1.00
1.09 1.10 1.09 1.08 1.07 1.06 1.09 1.05 1.09 1.09 1.08 0.93 0.87 0.90 0.91 0.92 0.92 0.91 0.90 0.89 0.91 0.93 0.94 0.94 0.94 0.95 0.95 0.95 0.95 0.95 0.95 0.96 1.04 1.07 1.10 1.10 1.10 1.05 0.99 1.04 0.93 1.00 0.90 0.98 1.07 1.08 1.09 1.09 1.09 1.08 1.06 1.07 1.07 1.05 0.91 0.98 0.98 0.99 0.97 1.03 0.98 0.90 0.93 0.96 0.96 1.06 1.06 1.06 1.07 0.98 0.98 0.98 1.05 0.92 1.07 0.96 0.90 0.90 0.90 0.90 0.91 0.91 0.96 1.01
1.08 1.08 1.07 1.06 1.07 1.08 1.07 1.09 1.08 1.06 0.96 0.87 0.88 0.90 0.91 0.92 0.91 0.90 0.89 0.90 0.92 0.93 0.94 0.94 0.94 0.95 0.95 0.95 0.95 0.95 0.96 0.96 0.96 1.06 1.09 1.10 1.07 1.00 1.07 1.00 1.05 1.07 1.06 0.97 1.01 1.07 1.06 1.07 1.08 1.09 1.07 1.07 1.03 1.00 1.02 1.08 1.07 1.05 1.00 1.06 0.97 0.93 1.02 0.88 0.88 0.93 0.93 0.93 0.93 0.96 0.97 0.98 1.02 1.00 1.07 0.91 0.92 0.92 0.92 0.92 0.92 0.98 1.07 1.10
1.06 1.08 1.01 1.03 1.05 1.07 1.08 1.09 1.06 1.05 0.94 0.87 0.88 0.90 0.91 0.91 0.90 0.89 0.90 0.92 0.93 0.94 0.94 0.94 0.94 0.94 0.95 0.95 0.95 0.95 0.95 0.96 0.96 1.04 1.09 1.08 1.02 1.01 1.03 1.02 1.07 1.07 1.09 0.98 0.98 1.02 1.04 1.05 1.07 1.09 1.07 1.05 0.99 0.99 1.03 1.10 1.08 1.08 1.08 0.97 0.95 1.00 0.99 0.93 0.90 0.90 0.95 0.97 1.08 1.09 1.09 1.07 0.96 0.97 0.97 0.99 0.99 1.01 0.98 0.98 0.97 0.99 1.06 1.09
1.03 1.04 1.03 1.04 1.08 1.05 1.09 1.08 1.05 1.03 0.92 0.87 0.89 0.90 0.90 0.89 0.88 0.90 0.92 0.93 0.94 0.94 0.94 0.94 0.94 0.94 0.94 0.95 0.95 0.95 0.95 0.95 0.95 0.95 1.03 1.05 1.01 1.00 1.04 1.05 1.05 1.06 1.00 0.99 0.95 0.96 1.03 0.93 0.95 0.97 0.96 0.96 0.97 0.99 0.98 1.00 1.08 1.07 0.95 0.94 0.97 1.01 1.00 0.98 1.02 1.01 1.06 1.00 1.08 1.09 1.09 1.08 1.06 0.99 1.04 1.06 1.09 1.09 1.06 1.01 1.00 1.01 1.07 1.05
1.03 1.05 1.07 1.07 1.08 1.09 1.08 1.04 1.04 1.06 0.93 0.87 0.89 0.90 0.89 0.88 0.90 0.92 0.93 0.93 0.94 0.94 0.94 0.94 0.94 0.94 0.94 0.94 0.94 0.94 0.94 0.94 0.94 0.94 0.93 0.99 0.99 1.00 1.05 1.05 1.05 0.99 0.99 0.95 0.92 0.93 0.92 1.01 0.98 0.95 0.94 0.93 0.98 0.97 0.94 0.89 0.94 0.93 0.96 1.08 1.02 1.03 1.08 1.05 1.06 1.08 1.08 1.08 0.99 1.09 1.09 1.06 1.07 1.05 1.03 1.05 1.10 1.09 1.09 1.04 1.00 1.01 1.06 1.07
0.87 1.04 1.08 1.05 1.07 1.06 1.03 1.04 1.07 1.06 0.93 0.87 0.89 0.89 0.88 0.90 0.92 0.93 0.93 0.93 0.94 0.94 0.94 0.94 0.94 0.94 0.94 0.94 0.94 0.94 0.94 0.93 0.93 0.93 0.92 0.92 0.98 1.05 1.06 1.06 1.01 0.98 1.00 0.92 0.92 0.95 1.07 1.09 1.09 1.07 1.08 0.99 1.01 1.04 0.88 0.87 0.87 0.96 1.08 1.09 1.09 1.03 1.09 1.05 1.05 1.07 1.08 1.10 1.02 1.03 1.07 1.07 1.09 1.04 1.02 1.04 1.10 1.08 1.09 1.07 1.00 1.00 1.04 1.05
0.85 1.06 1.09 1.08 1.05 1.04 1.02 1.04 1.07 1.07 0.93 0.87 0.88 0.87 0.89 0.91 0.93 0.93 0.93 0.93 0.93 0.93 0.93 0.93 0.93 0.93 0.93 0.93 0.93 0.93 0.93 0.93 0.93 0.93 0.93 0.94 1.01 1.06 1.07 1.07 1.01 0.98 1.00 0.92 0.93 1.03 1.05 1.07 1.08 1.05 1.07 1.00 1.05 1.03 0.99 0.95 0.92 1.03 1.07 1.08 1.05 1.04 1.07 0.99 1.03 1.07 1.07 1.08 1.03 1.03 1.07 1.06 1.07 1.05 1.04 1.05 1.08 1.06 1.08 1.05 1.01 1.00 1.04 1.06
0.76 0.90 1.08 1.06 1.04 1.03 1.04 1.08 1.05 1.08 0.94 0.86 0.87 0.89 0.91 0.92 0.93 0.93 0.93 0.93 0.93 0.93 0.93 0.93 0.93 0.93 0.93 0.93 0.93 0.93 0.93 0.93 0.93 0.93 0.94 0.95 1.04 1.08 1.08 1.07 1.09 0.97 1.05 0.92 0.93 1.04 1.05 1.04 1.07 1.05 1.02 1.05 1.06 1.10 1.05 1.08 0.97 1.06 1.10 1.09 1.05 1.05 1.07 0.97 0.97 1.04 1.08 1.00 1.08 1.02 1.05 1.08 1.09 1.08 1.08 1.07 1.08 1.05 1.09 1.07 1.02 1.01 1.02 1.06
0.76 0.87 1.07 1.08 1.03 1.00 1.03 1.09 1.09 1.09 0.92 0.85 0.89 0.91 0.92 0.93 0.93 0.93 0.93 0.93 0.93 0.93 0.93 0.93 0.93 0.93 0.93 0.93 0.93 0.93 0.93 0.93 0.93 0.94 0.94 0.95 0.96 1.07 1.10 1.05 1.08 1.00 0.95 0.86 0.96 1.04 1.04 1.02 1.00 0.99 0.99 1.03 1.07 1.09 1.09 1.04 0.99 1.07 1.09 1.07 1.01 1.03 1.03 1.03 0.99 0.97 1.06 1.07 1.03 1.05 1.07 1.08 1.08 1.08 1.09 1.09 1.04 1.05 1.08 1.06 1.04 1.05 1.04 1.08
0.75 0.79 0.93 1.04 1.05 1.05 1.01 1.04 1.08 0.94 0.85 0.88 0.91 0.92 0.92 0.92 0.92 0.92 0.92 0.92 0.92 0.92 0.92 0.92 0.92 0.92 0.92 0.92 0.92 0.92 0.92 0.92 0.92 0.92 0.92 0.92 0.93 1.00 1.09 1.09 1.09 0.97 0.93 1.00 0.98 1.05 1.05 1.04 0.93 0.99 0.99 1.03 1.05 1.05 1.05 1.07 1.08 1.00 1.07 1.04 1.03 1.04 1.06 1.06 0.96 0.96 1.05 1.07 1.04 1.08 1.08 1.08 1.08 1.10 1.08 1.07 1.05 1.08 1.05 1.05 1.08 1.09 1.08 1.04
0.74 0.79 0.91 1.05 1.06 1.07 0.99 0.95 0.92 0.84 0.87 0.90 0.91 0.91 0.91 0.91 0.91 0.91 0.91 0.91 0.91 0.91 0.91 0.91 0.91 0.91 0.91 0.91 0.91 0.91 0.91 0.91 0.90 0.90 0.90 0.90 0.89 0.89 0.97 1.08 1.07 0.93 0.93 1.00 1.06 1.06 1.07 1.00 1.03 1.07 1.06 1.07 1.05 1.06 1.08 1.10 1.09 1.09 1.00 1.03 1.06 1.06 1.04 1.03 1.03 0.99 1.03 1.06 1.06 1.07 1.08 1.07 1.05 1.09 1.09 1.07 1.08 1.06 1.05 1.08 1.08 1.09 1.09 1.06
0.73 0.86 1.03 1.04 1.06 1.00 0.89 0.86 0.84 0.86 0.88 0.89 0.90 0.90 0.90 0.90 0.90 0.90 0.90 0.90 0.89 0.89 0.89 0.89 0.89 0.89 0.89 0.89 0.89 0.89 0.89 0.89 0.88 0.88 0.88 0.87 0.87 0.86 0.85 0.91 0.91 0.85 0.87 0.94 0.99 1.04 1.02 1.02 1.06 1.09 1.07 1.06 1.05 1.08 1.10 1.10 1.07 1.10 1.02 1.08 1.07 1.04 1.02 1.04 1.06 0.98 1.03 1.05 1.06 1.06 1.07 1.08 1.05 1.05 1.08 1.07 1.06 1.03 1.09 1.08 1.07 1.09 1.09 1.08
0.84 1.08 1.08 1.08 1.05 1.07 0.92 0.84 0.85 0.86 0.87 0.87 0.87 0.87 0.87 0.87 0.87 0.87 0.87 0.87 0.87 0.87 0.87 0.87 0.87 0.87 0.87 0.87 0.87 0.87 0.87 0.86 0.86 0.86 0.86 0.85 0.85 0.84 0.83 0.89 0.83 0.83 0.83 0.84 0.85 0.96 1.03 1.03 1.06 1.07 1.04 1.03 1.03 1.08 1.11 1.11 1.08 1.06 1.07 1.11 1.08 1.03 1.02 1.07 1.08 1.07 1.03 1.03 1.06 1.06 1.05 1.07 1.05 1.00 1.05 1.07 0.99 1.08 1.09 1.10 1.09 1.09 1.09 1.06
1.08 1.05 1.05 1.00 1.08 1.07 0.88 0.82 0.84 0.84 0.84 0.84 0.84 0.84 0.84 0.84 0.84 0.84 0.84 0.84 0.84 0.84 0.84 0.84 0.84 0.84 0.84 0.84 0.84 0.84 0.84 0.84 0.84 0.83 0.83 0.83 0.83 0.83 0.89 0.99 0.90 0.91 0.91 0.88 0.88 0.80 0.94 1.05 1.04 1.02 1.02 1.04 1.04 1.07 1.09 1.09 1.08 1.08 1.10 1.09 1.09 1.02 1.01 1.09 1.08 1.08 1.04 1.03 1.04 1.05 1.07 1.05 0.99 1.00 1.01 1.03 1.08 1.07 1.08 1.09 1.07 1.07 1.05 1.04
0.77 0.83 1.07 1.08 0.91 0.87 0.81 0.88 0.80 0.81 0.81 0.81 0.81 0.81 0.81 0.81 0.81 0.81 0.81 0.81 0.81 0.81 0.81 0.81 0.81 0.81 0.81 0.80 0.80 0.80 0.80 0.81 0.81 0.81 0.81 0.81 0.81 0.81 0.82 0.90 1.08 1.09 1.09 1.07 1.06 0.93 0.90 0.93 1.03 1.04 1.03 1.08 1.00 0.95 1.05 1.07 1.08 1.08 1.09 1.09 1.10 1.00 0.97 1.01 1.06 1.01 1.00 1.00 1.02 1.04 1.08 1.09 1.05 1.00 0.99 1.06 1.09 1.05 1.08 1.06 1.03 1.02 1.07 1.07
0.71 0.67 0.79 0.83 0.77 0.79 0.89 1.05 0.92 0.84 0.84 0.84 0.84 0.84 0.84 0.84 0.84 0.84 0.84 0.84 0.84 0.84 0.84 0.84 0.84 0.84 0.84 0.84 0.84 0.84 0.84 0.84 0.84 0.84 0.85 0.85 0.85 0.92 0.93 0.97 1.09 1.07 1.08 1.09 1.08 1.10 1.08 0.90 0.91 1.04 1.03 1.05 1.03 1.06 1.06 1.08 1.10 1.09 1.09 1.10 1.09 0.97 0.99 0.99 0.91 0.99 0.98 0.93 1.04 1.07 1.07 1.08 1.07 1.00 1.00 1.08 1.10 1.09 1.09 1.08 1.04 0.95 1.03 1.04
0.77 0.71 0.67 0.70 0.75 0.80 0.91 1.07 1.05 0.93 0.86 0.86 0.86 0.86 0.86 0.86 0.87 0.87 0.87 0.87 0.87 0.87 0.87 0.87 0.87 0.87 0.87 0.87 0.87 0.87 0.93 0.93 0.93 0.95 0.89 0.89 0.97 1.06 1.05 0.98 0.95 1.09 1.09 1.06 1.10 1.11 1.11 1.09 0.92 0.87 0.89 0.93 1.06 1.06 1.06 1.07 1.08 1.09 1.08 1.08 0.97 0.99 1.07 1.05 1.05 1.05 1.07 1.03 1.08 1.04 1.05 1.07 1.08 0.97 1.05 1.07 1.09 1.09 1.09 1.08 1.05 1.05 1.02 1.05
0.83 0.85 0.71 0.67 0.70 0.75 0.81 0.91 0.91 0.85 0.85 0.85 0.85 0.85 0.85 0.86 0.86 0.86 0.86 0.86 0.86 0.86 0.86 0.86 0.87 0.87 0.87 0.88 0.88 0.98 1.03 1.00 1.01 1.06 1.01 1.01 1.05 1.07 1.06 1.00 0.90 0.97 1.10 1.10 1.11 1.05 1.10 1.09 1.06 1.05 1.06 0.90 1.06 1.07 1.06 1.06 1.05 1.06 1.03 0.99 1.02 1.05 1.06 1.07 1.06 1.07 1.05 1.08 1.05 0.99 1.01 1.05 1.02 0.99 1.06 1.06 1.07 1.08 1.08 1.08 1.05 1.06 1.03 1.03
1.04 1.05 0.86 0.72 0.67 0.70 0.76 0.83 0.87 0.93 0.88 0.88 0.88 0.88 0.88 0.88 0.89 0.89 0.89 0.89 0.89 0.89 0.89 0.90 0.90 0.95 0.90 0.92 1.01 1.09 1.08 1.00 1.02 1.09 1.10 1.05 1.06 1.04 1.06 1.02 0.93 0.96 0.95 1.00 1.10 1.11 1.05 1.09 1.08 1.07 1.08 1.06 0.87 1.05 1.07 1.07 1.06 1.02 0.99 1.02 1.05 1.06 1.04 1.04 1.05 1.06 1.07 1.08 1.05 1.07 0.94 1.03 1.01 1.03 1.06 1.07 1.07 1.07 1.07 1.06 1.05 1.06 1.03 1.02
1.06 1.07 0.92 0.80 0.82 0.77 0.69 0.77 0.93 1.05 0.96 0.91 0.96 0.96 0.91 0.91 0.92 0.92 0.92 0.92 0.92 0.92 0.98 1.00 1.02 1.07 0.98 1.01 1.08 1.09 1.08 1.08 0.99 1.07 1.07 1.06 1.05 1.04 1.04 1.04 1.01 1.05 1.06 0.94 1.01 1.08 1.08 1.08 1.09 1.08 1.09 1.09 0.91 0.90 1.03 1.01 0.98 0.97 1.01 1.02 1.02 1.00 1.01 1.03 1.05 1.07 1.09 1.08 1.08 1.03 0.93 0.98 1.02 1.04 1.08 1.07 1.06 1.05 1.08 1.07 1.04 1.06 0.98 0.94
1.06 1.02 0.94 1.01 1.06 1.07 0.81 0.70 0.89 1.05 1.00 0.98 1.05 1.07 0.99 0.93 0.94 0.94 1.01 1.01 1.03 1.03 1.07 1.09 1.10 1.08 0.98 1.05 1.09 1.09 1.09 1.08 0.98 1.02 1.06 1.08 1.07 1.04 1.05 1.06 1.06 1.04 1.06 0.97 0.97 1.06 1.07 1.10 1.07 1.08 1.09 1.11 1.09 0.88 0.89 0.98 1.02 1.07 1.07 1.05 1.08 1.07 1.05 1.07 1.05 1.04 1.10 1.10 1.08 0.97 1.01 1.00 1.06 1.08 1.10 1.09 1.00 0.95 0.97 0.99 1.06 1.06 0.93 0.86
1.10 1.07 1.01 1.01 1.06 1.07 1.09 0.79 0.76 0.93 0.90 0.92 1.01 1.05 1.08 0.99 0.96 1.03 1.08 1.08 1.10 1.06 1.09 1.10 1.10 1.08 0.99 1.03 1.10 1.09 1.05 1.09 1.02 1.00 1.02 1.08 1.07 1.03 1.03 1.07 1.08 1.05 1.04 1.05 0.98 0.98 1.07 1.08 1.10 1.09 1.07 1.09 1.11 0.93 0.91 1.05 1.09 1.08 1.06 1.08 1.08 1.08 1.05 1.08 1.07 1.02 1.04 1.05 1.01 1.04 0.95 1.01 1.04 1.08 1.10 1.08 0.93 0.87 0.96 0.96 0.94 0.93 1.06 0.96
